[0.04871419081087577, 0.0, 0.14875768822379748, 0.11706102690657104, 0.0, 0.12167281973542407, 0.08641327561368181, 0.0, 0.0938398707858406, 0.02112485629508492, 0.0, 0.0, 0.1347772356613965, 0.10901649876957582, 0.0, 0.0, 0.02860279484819763, 0.0, 0.027951118886928705, 0.08364242927852564, 0.05870541351984676, 0.0, 0.02692153983633593, 0.1747031619856766, 0.19611829601717912, 0.1001246186020244, 0.87544637306394, 0.1677044827830845, 0.0, 0.11577007596585161, 0.0, 0.022642246976581803]
[0.017654957082301418, 0.0, 0.05391263936723707, 0.14848806478675672, 0.0, 0.13228969062739257, 0.03131782847884298, 0.06564348459921797, 0.10202810703136109, 0.030624212374373974, 0.0, 0.0, 0.13025561390717344, 0.13433287826416604, 0.0, 0.0, 0.04146480580488762, 0.0, 0.04052008633515958, 0.060627241244952286, 0.07446588737877399, 0.0, 0.01365963534411027, 0.08442103558622908, 0.15907716686259446, 0.05805933145561811, 0.9080731101449189, 0.12846538326116647, 0.0, 0.1258718879593234, 0.0, 0.00820598457994245]
[0.0, 0.0, 0.030584160117806947, 0.24067416166613512, 0.0241761917019539, 0.1801122316801461, 0.0, 0.13033637446299226, 0.07717284848446129, 0.08686421456382673, 0.10466885415111826, 0.0, 0.2142892638226765, 0.2331002328288904, 0.041869195267393106, 0.050332737906651645, 0.09409046003866202, 0.0, 0.0, 0.0, 0.0, 0.0, 0.048707933783271436, 0.08514009165722419, 0.2918498957645073, 0.32936541605316905, 0.6454788659598006, 0.22881894802839936, 0.14189359286752298, 0.2094576026672207, 0.0, 0.13034509494173455]
[0.2203795304615866, 0.0, 0.3364845945053912, 0.0, 0.08866153841489328, 0.07339188967839347, 0.0, 0.0, 0.0, 0.0, 0.0, 0.0, 0.48777809369401187, 0.0, 0.0, 0.0, 0.0, 0.0, 0.0, 0.0, 0.0, 0.22139493944305208, 0.2111046240005298, 0.25369088006672524, 0.2534929160814654, 0.30197109668822725, 0.0910449897534005, 0.5057887589747686, 0.0, 0.06983141067841384, 0.0, 0.06828794203133037]
[0.08040487692670828, 0.033235679855845836, 0.16368732826363935, 0.15027777585647825, 0.09704376903041874, 0.05355366575697798, 0.0, 0.22421704038853865, 0.020651568220703385, 0.06973497628627306, 0.11203815976910084, 0.0, 0.3064944529443835, 0.07197457677643651, 0.0, 0.0, 0.0, 0.0, 0.030756353014154903, 0.12271595004877664, 0.06459721449300257, 0.08077534615320134, 0.30808380934236107, 0.19223674531445464, 0.22607739318615425, 0.2644160151947198, 0.5979153383732636, 0.34390737323080856, 0.0, 0.05095560344879649, 0.05548901397061794, 0.049829342708073016]
[0.08482134909429113, 0.0, 0.12950874881897279, 0.11323730043545809, 0.10237418083306173, 0.08474288535866267, 0.0, 0.21025139085111752, 0.021785915784555927, 0.07356537306874823, 0.11819218217720019, 0.0, 0.3233295539069939, 0.050618660094734244, 0.0, 0.035522363459903485, 0.0, 0.0, 0.0, 0.09709236090255723, 0.03407270236869007, 0.1420202790376808, 0.11875226916143751, 0.21781782790042264, 0.18429186353010046, 0.2789398353460163, 0.665799668493273, 0.3362513302141146, 0.0, 0.08063173268172011, 0.058536909759715844, 0.05256636456061255]
[0.014916366771875989, 0.027745831386876585, 0.10248716958408534, 0.011948094131406045, 0.009001571217517237, 0.0, 0.0, 0.0207978902448206, 0.0, 0.00646846635971033, 0.015588627961136973, 0.0, 0.057776621239628, 0.0, 0.0, 0.0, 0.0, 0.0, 0.0, 0.01707430123941958, 0.04493923972566441, 0.014985094628584241, 0.02637894580305686, 0.32294767797426455, 0.2144705376234229, 0.8829597836304928, 0.07394845376386519, 0.21007388192197135, 0.03522102232512152, 0.0070897982110340345, 0.0, 0.013866187852870653]
[0.011426004043561696, 0.021253431647723, 0.07850563290578545, 0.06406605694423546, 0.04826670830230436, 0.03424630335794792, 0.0, 0.18586490393228863, 0.026412379436842277, 0.014864622983334784, 0.023881918276957046, 0.007304148660055431, 0.12223403818995023, 0.020456018010719265, 0.0, 0.021532951643499543, 0.0, 0.0076073207314682565, 0.00655598691280775, 0.019618487328673658, 0.03442365977405177, 0.011478649890949577, 0.09471745847830237, 0.30353297423409326, 0.216856723437787, 0.8078638926759695, 0.24074060491627836, 0.2610440068993118, 0.026979461531073768, 0.05430817320746478, 0.0, 0.03717546793703309]
[0.03471298065192436, 0.014348750422703506, 0.10600243311410645, 0.0, 0.0, 0.011560289837618606, 0.0, 0.021511248466885822, 0.0, 0.060212986453405254, 0.0725548988008611, 0.0, 0.08963749979681011, 0.0, 0.0, 0.0, 0.0, 0.0, 0.0, 0.0, 0.013944190592492255, 0.02324861488791256, 0.07673549541954833, 0.19980001302482348, 0.12422299679574758, 0.16172045185140368, 0.93215913689632, 0.09777569444566431, 0.0546436311742319, 0.0109994626211389, 0.0, 0.010756343865187113]
[0.01972260781863941, 0.008152419410830095, 0.06022658892632947, 0.0684576550128083, 0.03173864191636382, 0.05254496927782892, 0.0, 0.10999692861591251, 0.1063786019570638, 0.18245733557214816, 0.08244592008500581, 0.0, 0.14066008192761545, 0.04119436877681388, 0.0, 0.016519276120733065, 0.0, 0.0, 0.007544262383272313, 0.007525285307351224, 0.015845127513637463, 0.04623145486281129, 0.11771518735833779, 0.12574394592588878, 0.126033619219596, 0.11890801745660126, 0.9044240776478111, 0.12962242055389325, 0.03104645257179923, 0.0499958421128506, 0.02041644927427235, 0.03666809607784337]
[0.35929876026747004, 0.0, 0.4114441711135782, 0.0, 0.0, 0.0, 0.0, 0.0, 0.0, 0.0, 0.3754918866213233, 0.0, 0.5964417293525706, 0.0, 0.0, 0.0, 0.0, 0.0, 0.0, 0.0, 0.0, 0.0, 0.0, 0.3340683000319872, 0.20664280909821622, 0.0, 0.0, 0.22489624687204166, 0.0, 0.0, 0.0, 0.0]
[0.11397321197093375, 0.0, 0.13051426532511368, 0.13693978090445003, 0.06877934822438794, 0.0, 0.0, 0.1589128498697431, 0.1756405073161862, 0.0, 0.2382196718708386, 0.0, 0.4835043840321206, 0.1530350025211128, 0.0, 0.0, 0.0, 0.0, 0.0, 0.0, 0.0, 0.0, 0.15116750081780075, 0.4238794160488771, 0.15294812285892134, 0.28110554701583323, 0.4237698893762763, 0.30319232743196056, 0.0, 0.0, 0.0, 0.0]
[0.06083022225725015, 0.0, 0.1625366797783198, 0.04872535200289713, 0.0, 0.0, 0.05395284899594105, 0.19790301793905565, 0.0, 0.21103168209385, 0.31785880505078457, 0.0, 0.1907383920900418, 0.0, 0.0, 0.0, 0.03571678680960341, 0.0, 0.06980605634328214, 0.03481523199199629, 0.036653214316748874, 0.12222100069587685, 0.07395822641991726, 0.2908730015008407, 0.1166172314459562, 0.05001091223400783, 0.7539203324158688, 0.19037762156295265, 0.0, 0.02891280480910397, 0.03148511491173425, 0.08482125391364537]
[0.027199481558149316, 0.0, 0.07267626617337102, 0.20697591605564403, 0.0, 0.013587160379487772, 0.024124349160993052, 0.13905553653362213, 0.0209581297964514, 0.09436020669171198, 0.1563392968788328, 0.017387448492030284, 0.20569051969896046, 0.15825983591219223, 0.056852898792745576, 0.03417264215246552, 0.06388127796316717, 0.0724365855827226, 0.07803228690036294, 0.031134400808345845, 0.03277806293849214, 0.08197441332009534, 0.0781642875177553, 0.18786482753800907, 0.1460030677424701, 0.13417056534127594, 0.8259100735040817, 0.15322499813986204, 0.0, 0.05171201235292968, 0.04223453921192236, 0.10113806573785551]
[0.015701800869836535, 0.01947120797209185, 0.07991386628369697, 0.11738749199560285, 0.03158518892585343, 0.08889456380643398, 0.0, 0.10216743138229697, 0.10082311678273848, 0.036315034714720244, 0.17503424585759117, 0.0, 0.12163779766358095, 0.05153682077398408, 0.0, 0.032878814321458505, 0.02458505452867846, 0.0, 0.05405606401907405, 0.01797336322933896, 0.0378444431787318, 0.06309659060336842, 0.1920616668963846, 0.15850558377708876, 0.1685702053678044, 0.17212088686144714, 0.8562650038908526, 0.16380407594177962, 0.012358538497543519, 0.08458199972023718, 0.03250838062812105, 0.03892353034208095]
[0.015701800869836535, 0.01947120797209185, 0.07991386628369697, 0.11738749199560285, 0.03158518892585343, 0.08889456380643398, 0.0, 0.10216743138229697, 0.10082311678273848, 0.036315034714720244, 0.17503424585759117, 0.0, 0.12163779766358095, 0.05153682077398408, 0.0, 0.032878814321458505, 0.02458505452867846, 0.0, 0.05405606401907405, 0.01797336322933896, 0.0378444431787318, 0.06309659060336842, 0.1920616668963846, 0.15850558377708876, 0.1685702053678044, 0.17212088686144714, 0.8562650038908526, 0.16380407594177962, 0.012358538497543519, 0.08458199972023718, 0.03250838062812105, 0.03892353034208095]
[0.13364139690510568, 0.0, 0.17004101648552292, 0.14273001949200345, 0.16129699279290394, 0.0, 0.0, 0.04140804448793518, 0.03432508736766842, 0.0, 0.0, 0.0, 0.1643310158929559, 0.07975289849498883, 0.0931133043415269, 0.0, 0.0, 0.0, 0.0, 0.0, 0.0, 0.0, 0.09847458220219871, 0.27218180627316435, 0.20496245629661292, 0.6958549579765965, 0.0, 0.5019017917287754, 0.0, 0.0, 0.0, 0.0]
[0.06003919900760135, 0.0, 0.16042308742480757, 0.12022934476738228, 0.0, 0.0, 0.0, 0.027904218465615693, 0.023131127021413383, 0.02603593388283118, 0.09411763106202294, 0.0, 0.29899811225381806, 0.08061630283646896, 0.0, 0.0, 0.0, 0.0, 0.0, 0.0, 0.0, 0.0, 0.19908133473057466, 0.4705095140785629, 0.1381209189778643, 0.6170072623340221, 0.2604407795656118, 0.3476186843384711, 0.0, 0.0, 0.0, 0.0]
[0.03407909954691537, 0.0, 0.05203338063265118, 0.09554143005100713, 0.04113138893564992, 0.01702378738883484, 0.0, 0.15838829541150184, 0.02625911049530452, 0.014778364755958435, 0.053422500151550166, 0.0, 0.17600132407775548, 0.03050597004267686, 0.0, 0.19267197870752445, 0.04001944717653419, 0.0, 0.039107658246584145, 0.019504642803812585, 0.020534341205140534, 0.0, 0.16573536422857735, 0.3530727678767298, 0.09146595439904437, 0.3362131769133888, 0.7391493723766217, 0.25064120331308837, 0.0, 0.01619790815662441, 0.0, 0.01583988927736646]
[0.028459525892318108, 0.026468684326250203, 0.1683810834760169, 0.16527274847508538, 0.06869781443548083, 0.014216599746448308, 0.0, 0.0992027926405065, 0.08223388876753687, 0.024682885405426697, 0.08922647878077666, 0.009096470083489941, 0.2755857497484039, 0.09553349294462492, 0.022307500720919644, 0.05363358812930916, 0.03342032237527007, 0.00947403573913413, 0.04082360696342584, 0.0651534687565727, 0.08574135217464801, 0.021442990865499206, 0.25164716803210363, 0.3307632284719509, 0.1991424514090681, 0.1988803885612425, 0.6437193770717053, 0.3607274382537583, 0.0, 0.013526906306612449, 0.0, 0.11243735405627701]
[0.031139781262161534, 0.0, 0.23772753869287758, 0.04988628175236363, 0.0, 0.0, 0.0, 0.37629104177791506, 0.023994265336647558, 0.0, 0.22780247403247433, 0.19906311140209973, 0.14933400002697633, 0.02787483375290629, 0.0325444959077809, 0.0, 0.0, 0.0, 0.0, 0.0, 0.0, 0.0, 0.14455704018546503, 0.4136157482295372, 0.17909362865396025, 0.4096197738294601, 0.11578248460728646, 0.5262666035493799, 0.0, 0.0, 0.0, 0.0]
[0.010569900249025545, 0.013107332572813631, 0.07262352661850684, 0.14393134776906444, 0.05953370809942283, 0.03168036778311363, 0.024999688680018072, 0.094975721494505, 0.04615199245590328, 0.00611150112105722, 0.007364181241911792, 0.0, 0.24694658417717497, 0.07569332867071993, 0.07364472098761007, 0.044265723475280176, 0.02068724283118571, 0.023457784245890706, 0.0, 0.05242915668570113, 0.08491849495377336, 0.014158135410917141, 0.10826020108397251, 0.29950985467537117, 0.17561689955529516, 0.680711158063152, 0.47160613078695884, 0.22604764592000606, 0.0166386671472464, 0.036841994713889784, 0.0, 0.036027684030710626]
[0.019357552378224032, 0.0, 0.0738897817433517, 0.12404407132424272, 0.09345352738734732, 0.0, 0.0, 0.3778632949289235, 0.0, 0.0, 0.060689916025255815, 0.0, 0.22850736884937517, 0.13862359529463586, 0.0, 0.0, 0.0, 0.0, 0.0, 0.022157988310317733, 0.1166388169627594, 0.0, 0.0, 0.2468329788725558, 0.1261748170451302, 0.7639009561729004, 0.0, 0.2786793367468545, 0.0, 0.0, 0.0, 0.0]
[0.012220224848991717, 0.0, 0.04664586355258632, 0.2740771377507126, 0.11799251220309136, 0.0, 0.0, 0.3407731910367806, 0.04708050371832443, 0.0, 0.038312923318205905, 0.07811859563154457, 0.17130205848141744, 0.31722976033162004, 0.025542957687594712, 0.0, 0.0, 0.04881663063439275, 0.0, 0.08392866847918772, 0.10308604921623413, 0.0, 0.0027013670111721458, 0.15906945054809546, 0.19210398450922073, 0.6932241131301291, 0.0, 0.23711955970894333, 0.0, 0.0, 0.0, 0.1817578620337194]
[0.04571352392145391, 0.0, 0.08143018523191783, 0.13426156757193422, 0.14712914030638052, 0.12178996470050986, 0.0, 0.24078938482607334, 0.1408953278393598, 0.11894172201259806, 0.1592459093429441, 0.21429959855708164, 0.20236049607455786, 0.08184109379845923, 0.0, 0.03828876642755901, 0.0, 0.0, 0.03497253731339829, 0.08721141572065637, 0.018363104471118646, 0.0, 0.077473946163622, 0.2509727907188366, 0.20448657926261565, 0.46352220476728023, 0.491024143739146, 0.36720675779001244, 0.0, 0.11588153784810676, 0.0, 0.014165029143394993]
[0.059245160176327784, 0.0, 0.060305309531499054, 0.12654855550153368, 0.16684566500834364, 0.0, 0.0, 0.33042210820594203, 0.0, 0.13702186560113364, 0.22702262824726016, 0.0, 0.2986862760665594, 0.0, 0.0, 0.14886781232523638, 0.0, 0.0, 0.02266236987619859, 0.0, 0.02379875740044378, 0.0, 0.29685538471331735, 0.28853986003636845, 0.14386612410656882, 0.45460585810708554, 0.4405651914136627, 0.25340312915908997, 0.0, 0.0, 0.0, 0.0]
[0.03464068832242087, 0.0, 0.0925589658599486, 0.05549477445584812, 0.06271378836286265, 0.0692172881143116, 0.0, 0.3058969084162719, 0.21353467066571927, 0.34550363382087884, 0.28961519159963994, 0.0, 0.24918443585026306, 0.0, 0.0, 0.06528233875118707, 0.0, 0.0, 0.0, 0.019826059408549628, 0.04174545237700695, 0.0, 0.10337717896113559, 0.23465953053780597, 0.13281888566703398, 0.41295229916030884, 0.45079787974378793, 0.3252402312901308, 0.0, 0.06585933259842985, 0.0, 0.01610091448465437]
[0.03507244299480802, 0.0, 0.05355005854991812, 0.07023306290484103, 0.06349544058919095, 0.07007999867234573, 0.0, 0.09780301479299248, 0.013512257779479587, 0.06083650828230252, 0.38485767854229314, 0.0, 0.20700736103596581, 0.015697581648983855, 0.0, 0.02203200162679625, 0.0, 0.0, 0.020123787493644404, 0.020073167482875225, 0.042265759420184915, 0.0, 0.20157829202262087, 0.15373100497091796, 0.10757945114331792, 0.23067545090043237, 0.7389601045362331, 0.3073410303228401, 0.0, 0.06668019026456541, 0.0, 0.0163015930910883]
[0.0054456179707053605, 0.0067529043912317, 0.058202165401038446, 0.09596335732957993, 0.03286263923137028, 0.016321741554200908, 0.0, 0.11136143562952414, 0.08811672855479354, 0.0, 0.2105686601098409, 0.0, 0.2049024403579612, 0.08774379299814176, 0.056912696422279516, 0.04105030174507744, 0.07673816161329447, 0.029005109626262352, 0.006249148873391481, 0.012466859133811207, 0.05250006201806717, 0.03829496236925328, 0.15047403917780028, 0.1707028146681088, 0.09395783558267108, 0.1790822471377193, 0.8571502268261483, 0.16531619415008827, 0.025716749266574152, 0.015529920846197856, 0.0, 0.010124444231170126]
[0.022128693285325234, 0.009146984533409251, 0.14641035675873296, 0.14180166761604857, 0.03561063925817259, 0.0515858541419606, 0.0, 0.17826777007876318, 0.07957093289339526, 0.006397389314684615, 0.05396067744839148, 0.028291827097656524, 0.21768288761861632, 0.11224840129924453, 0.01541794533934621, 0.009267283463037427, 0.07795787598190433, 0.009822043737423264, 0.016929269179674505, 0.09287676618652672, 0.08000178603062298, 0.007410217424454201, 0.24621576497928116, 0.19007182859102095, 0.1866602182771513, 0.21225011397182714, 0.7039329468953153, 0.38090349036983895, 0.0, 0.04908325676814567, 0.0, 0.10285367164992508]
[0.01815152090130003, 0.02250901290933671, 0.14781063407204675, 0.10177629617962845, 0.03651295935490406, 0.03022454981851117, 0.0, 0.11810710641034937, 0.04195910097468022, 0.057723508025611374, 0.13911029928634522, 0.02320695959212538, 0.2946222113210001, 0.02708061344567821, 0.012646890328035511, 0.022805046006374292, 0.02131552304905554, 0.008056735655130261, 0.048603047992369475, 0.05540661754295532, 0.08020604640155937, 0.01823515488178739, 0.2728514888431464, 0.2716376558685845, 0.1554318038831743, 0.12435897884082882, 0.719894824063677, 0.3313800106395714, 0.0, 0.028758258714899905, 0.0, 0.08999238755013247]
[0.019357552378224032, 0.0, 0.0738897817433517, 0.12404407132424272, 0.09345352738734732, 0.0, 0.0, 0.3778632949289235, 0.0, 0.0, 0.060689916025255815, 0.0, 0.22850736884937517, 0.13862359529463586, 0.0, 0.0, 0.0, 0.0, 0.0, 0.022157988310317733, 0.1166388169627594, 0.0, 0.0, 0.2468329788725558, 0.1261748170451302, 0.7639009561729004, 0.0, 0.2786793367468545, 0.0, 0.0, 0.0, 0.0]
[0.011593283604161843, 0.0, 0.04425276390645044, 0.26001600024758237, 0.11193907428395898, 0.0, 0.0, 0.3232903074373945, 0.04466510547703763, 0.0, 0.03634733331188377, 0.07411083225609055, 0.162513650157235, 0.30095473893904734, 0.024232512594547284, 0.0, 0.0, 0.046312162872422596, 0.0, 0.07962282758481193, 0.09779736616671135, 0.0, 0.0025627772210778696, 0.15090861876526165, 0.18224836297416142, 0.7148469962592442, 0.0, 0.2684940545680017, 0.0, 0.0, 0.0, 0.1724330335883215]
[0.03763751890673084, 0.0, 0.05746652268926494, 0.0753696636801117, 0.06813927521446557, 0.07520540486456985, 0.0, 0.10495598549982557, 0.014500497091778579, 0.06528587789090172, 0.19666896389391209, 0.0, 0.20826295873810213, 0.016845647911981582, 0.0, 0.023643345229883875, 0.0, 0.0, 0.02159557098372641, 0.021541248802272844, 0.04535692935676134, 0.0, 0.28704135855620405, 0.12498057077737987, 0.11544743623880876, 0.34037608994245966, 0.6997103506905826, 0.3946047304794982, 0.0, 0.0715569463512568, 0.0, 0.01749383464010466]
[0.03727167305183702, 0.0, 0.05690793408587884, 0.0746370521838428, 0.06747694485590883, 0.07447439000401289, 0.0, 0.10393578774618088, 0.014359548726715698, 0.0646512832496163, 0.19475729364260913, 0.0, 0.2199878315005965, 0.01668190410950429, 0.0, 0.023413526153084167, 0.0, 0.0, 0.02138565677157975, 0.021331862614966578, 0.044916048951307325, 0.0, 0.21421833077687427, 0.1633707625115993, 0.11432525902753321, 0.24514003738829257, 0.7852968616615338, 0.3266129593340102, 0.0, 0.07086139539646778, 0.0, 0.01732379030468659]
[0.031044058259770538, 0.0, 0.09479870778798488, 0.0, 0.0, 0.0, 0.0, 0.11542594812169485, 0.04784101498595912, 0.05384888950326028, 0.38931808155416747, 0.0, 0.30920182047044836, 0.0, 0.0, 0.0, 0.0, 0.0, 0.0, 0.0, 0.0, 0.0, 0.08921260834869216, 0.2391596954620651, 0.0476114930080818, 0.1020901529145255, 0.7695104786487695, 0.2331772762623084, 0.0, 0.0, 0.0, 0.0]
[0.038469934876722865, 0.0, 0.08810623480227811, 0.24651708296836805, 0.023215429321500863, 0.0, 0.10236174603357472, 0.12515680412650446, 0.0889271973824617, 0.05004733728045082, 0.04020372465050205, 0.04918432064455058, 0.20577340384961199, 0.08609108636199728, 0.12061593762921632, 0.07249877072254488, 0.0, 0.0, 0.0, 0.0, 0.0, 0.0, 0.11480468590458667, 0.2503796566380785, 0.18437616750179436, 0.5376699264180995, 0.45295088137669887, 0.463530882548456, 0.0, 0.0, 0.0, 0.01788073972189045]
[0.11275069391587984, 0.0, 0.22953657231245908, 0.30104647798199613, 0.09072212794891245, 0.0, 0.0, 0.27948140967305, 0.11583768230665532, 0.03259614452512956, 0.0, 0.0, 0.1525072331867913, 0.06728599711882523, 0.11783687450635934, 0.09443780775483514, 0.08826955522640947, 0.0, 0.0, 0.04302073783148213, 0.09058381826463106, 0.0, 0.09138923647052268, 0.14976168982947768, 0.27379460660965604, 0.432584921766136, 0.39593413635764063, 0.44108849476378736, 0.0, 0.0, 0.0, 0.17468756816917586]
[0.03806955639660209, 0.0, 0.07750156722983309, 0.20329286629640692, 0.09189525260787187, 0.0, 0.0, 0.25950409282662246, 0.05866778765967045, 0.14307645788930906, 0.05304706884619959, 0.032448287640837396, 0.2434219255040256, 0.06815606999087268, 0.11936061900335747, 0.09565897973922304, 0.08941096575339572, 0.0, 0.0, 0.05810271664743613, 0.137632731668861, 0.0, 0.07854508029149898, 0.18878004817186728, 0.16056238872939907, 0.5425069151520338, 0.38532634105011676, 0.4467921946404269, 0.0, 0.0, 0.0, 0.14155715759578313]
[0.05426933527326768, 0.0, 0.08286066875292468, 0.2898002961938375, 0.13099953731647238, 0.0, 0.0, 0.016815052082415682, 0.13938792303726927, 0.0, 0.0, 0.0, 0.2335614054729158, 0.09715859503876709, 0.1701522703242251, 0.13636484726231196, 0.12745810923110146, 0.0, 0.0, 0.08282722754050327, 0.19619973455166856, 0.0, 0.1159673252408479, 0.21625057214753973, 0.2150147534249426, 0.6097649784824412, 0.0672605717535969, 0.43027224561558436, 0.0, 0.0, 0.0, 0.16816177135224916]
[0.07719566093594282, 0.0, 0.147331915384798, 0.3400878850912782, 0.04658522079977048, 0.0, 0.1369360716784948, 0.4305356413062251, 0.08922284115008836, 0.0, 0.0, 0.0, 0.22781518322151584, 0.13820368209521344, 0.08067795500159672, 0.19397279255101557, 0.0, 0.0, 0.0, 0.0, 0.0, 0.0, 0.17064646062972585, 0.1435497478450439, 0.266384357365247, 0.47599186070541544, 0.0, 0.42279265326658116, 0.0, 0.0, 0.0, 0.03588037061352272]
[0.017691701357274305, 0.0, 0.05402484472894875, 0.12754037545120467, 0.10676400772526874, 0.070701342807107, 0.09414902557222271, 0.032890052356581885, 0.013632060323396802, 0.0, 0.1294233027875488, 0.22619074222304375, 0.23494807373934073, 0.0791837986895763, 0.0, 0.0, 0.24930662511986784, 0.0, 0.0, 0.0, 0.0, 0.0, 0.023465253221749135, 0.10339601111530798, 0.1695832396542078, 0.16726798040015203, 0.8112923417232548, 0.17164366810669318, 0.0, 0.03363569548837977, 0.03662819102400872, 0.06578450589439333]
[0.019312715831639796, 0.0, 0.036859318001291635, 0.07734797294090244, 0.011654633438616786, 0.07717940264617802, 0.0, 0.3859639831549837, 0.1488110735699732, 0.16749876773899658, 0.0403662294743547, 0.0, 0.15317278136239978, 0.05186344167852826, 0.040367823785240585, 0.048527875481446284, 0.07937694289677569, 0.0, 0.0, 0.0, 0.0, 0.009700850036006521, 0.057634365176882786, 0.10260885703464497, 0.08885828267917817, 0.09526644821765602, 0.8257878677367738, 0.17528221057881468, 0.0, 0.0734351790874598, 0.0, 0.0]
[0.010601728439570085, 0.026293603010475442, 0.13759084359773582, 0.11888862201121625, 0.08956946490515402, 0.01588788201351473, 0.0, 0.08869194001342229, 0.06943644870362171, 0.032181996709017, 0.08863627606747466, 0.013554450056367906, 0.2424756618665946, 0.03796062859382608, 0.03323991632236436, 0.05327882024346874, 0.012449721879630416, 0.007058526168926314, 0.012166071819680062, 0.04854187559320125, 0.05110452143083787, 0.015975864597910738, 0.27185608606613226, 0.23375788657202995, 0.17275830126768774, 0.10459316257854336, 0.7686676333997153, 0.30857171747769346, 0.0, 0.015117109241330242, 0.0, 0.10348085319585981]
[0.02756132620540055, 0.025633316791846727, 0.08416354870010508, 0.204210197801784, 0.0582134614738876, 0.0481877036951041, 0.024445284197701856, 0.12809585743144666, 0.06371083037816824, 0.03585581813222226, 0.1872226149212393, 0.026428140114211053, 0.2821388468654872, 0.0801826121844265, 0.05040807947936814, 0.06925450660895667, 0.01618277848969884, 0.03670011798170966, 0.03953518947073345, 0.04732288968747312, 0.03321412149336573, 0.01384415815169926, 0.42496065068387545, 0.2965286350724216, 0.1954992784804032, 0.1019666140684023, 0.5636248180894977, 0.3860020795735391, 0.0, 0.04584996163919721, 0.0, 0.0]
[0.014590151067962572, 0.0, 0.0891073877068908, 0.24542266366651333, 0.008804710015593343, 0.10203658144607332, 0.012940610574605148, 0.16952539739713168, 0.1742542528711893, 0.050616026172887275, 0.04574313042316992, 0.0, 0.29602082619718084, 0.2546778227018856, 0.0, 0.0, 0.10280021263322943, 0.08742580734635418, 0.0334860163160362, 0.025051338399582162, 0.0, 0.058629503482304494, 0.13384812151226178, 0.35076792357380077, 0.21257721083341288, 0.09596108479828219, 0.5605670095956237, 0.39041131578114785, 0.0, 0.1248254426431123, 0.0, 0.06103322636931172]
[0.01720993658481728, 0.0, 0.07226132088112235, 0.08960416738619251, 0.010385670464289926, 0.034388033168767033, 0.0, 0.15197349274172248, 0.06630422053490047, 0.02985228173968748, 0.01798556597316332, 0.022003131587628573, 0.13332093569779535, 0.13864956386334226, 0.0, 0.0, 0.06062943187094316, 0.034374617811212635, 0.009874678723213789, 0.029549518933241044, 0.03110951122387764, 0.0, 0.058967859487102786, 0.18058757647304685, 0.15836668682703645, 0.5341233930270034, 0.7145458969003248, 0.14003903567980583, 0.18286504111362334, 0.03271975796173086, 0.0, 0.031996560190649566]
[0.016671398911866163, 0.0, 0.08909103816636664, 0.12686190559682664, 0.010060679446669902, 0.03331195416819643, 0.0, 0.14721789990568707, 0.0642294121555829, 0.028918136615959638, 0.017422757109913867, 0.02131460404864319, 0.1475988838602221, 0.13431090676773597, 0.05227033572552622, 0.0, 0.05873220040868832, 0.033298958607391634, 0.009565677787938353, 0.028624847939556403, 0.03013602455827691, 0.0, 0.07186394426771003, 0.18379413310057893, 0.1821756059036438, 0.5311156803044376, 0.6921861466108931, 0.1773974831533019, 0.1771427821604834, 0.03169588304938634, 0.0, 0.03099531576522185]
[0.0, 0.0, 0.0, 0.0, 0.0, 0.0, 0.0, 0.0, 0.0, 0.0, 0.0, 0.0, 0.0, 0.0, 0.0, 0.0, 0.0, 0.0, 0.0, 0.0, 0.0, 0.0, 0.0, 0.0, 0.14377553393766318, 0.9248649003238816, 0.0, 0.35207032250650766, 0.0, 0.0, 0.0, 0.0]
[0.01091897157850622, 0.0, 0.1000292282041131, 0.15743084359618315, 0.11860677819233865, 0.05454435508230592, 0.07747591284802897, 0.1725423172695721, 0.19350913476890402, 0.0094700004925285, 0.0, 0.0, 0.09667023303856646, 0.30299827616565983, 0.0, 0.0, 0.2051562216690833, 0.15993435744059034, 0.05012050371912335, 0.037495821765576365, 0.0394753190635707, 0.021938562500251432, 0.0241371578531443, 0.11602544183131258, 0.20514037014870487, 0.43089191578934916, 0.5683777632544795, 0.3109708074905776, 0.0, 0.06227787745974456, 0.033909303182884966, 0.1827040887971046]
[0.012674499273058581, 0.01571716603296981, 0.06773182649189273, 0.13198049264181808, 0.06883805462676525, 0.11396497288826925, 0.0, 0.07657890232626484, 0.04883067353726883, 0.010992565874490294, 0.20530869749569164, 0.0, 0.17299451087601653, 0.05105520835986504, 0.10596996459353929, 0.0875813092086605, 0.05953519440252933, 0.0337542261365636, 0.0, 0.007254052610687772, 0.022911036042985583, 0.0, 0.1400893790517725, 0.34174986927287176, 0.1482190309040246, 0.5522707644884065, 0.5419459293334228, 0.28560105065035263, 0.0, 0.10843616181009653, 0.0, 0.047128631401760476]
[0.022423409161591853, 0.027806419585119223, 0.16262570160656947, 0.22451596919270858, 0.013531841740990654, 0.056006666134807405, 0.0, 0.11463818474671883, 0.06911201137166904, 0.09723887193847501, 0.24605703104889928, 0.0, 0.2067956688183397, 0.16057885501264604, 0.10545717829530776, 0.0, 0.05266409326483291, 0.014929284528066678, 0.025732106595352577, 0.08983582734542128, 0.06755605940713279, 0.0, 0.20323097160340986, 0.30975369041139134, 0.2536278713758781, 0.2857450481405462, 0.472450829289582, 0.4631717583417621, 0.0, 0.0532896008091198, 0.0, 0.10422350445372865]
[0.020463746876260597, 0.012688158339893122, 0.13279080915552124, 0.1680136638771316, 0.09261934107400198, 0.03577842965958708, 0.0, 0.07133150586185463, 0.05913006037966622, 0.05768153142559551, 0.3956413931110739, 0.006540792772175482, 0.26798673438366866, 0.04579540374216201, 0.07485403070205592, 0.05142011972589, 0.07810008204789735, 0.020436841076957486, 0.023483285354405452, 0.05856053689147811, 0.055486883405303875, 0.06167410363782445, 0.2725502605747373, 0.3166595490442322, 0.21380850708014204, 0.10935631946925335, 0.5326114549208327, 0.38426683125634603, 0.0, 0.034042701801734805, 0.0, 0.10462654176093017]
[0.02140325443411399, 0.01327068219183731, 0.1388873451207803, 0.17572731025820187, 0.09687157168790642, 0.03742104698067518, 0.0, 0.0746063943402701, 0.061844770396308854, 0.06032973827894416, 0.2907823254306419, 0.0068410859824546075, 0.28029022718390384, 0.04789790863488139, 0.07829064121163737, 0.0537808599852529, 0.08168572146166918, 0.021375113367293735, 0.024561422423198375, 0.06124909961335781, 0.05803433215143199, 0.06450561278626823, 0.27205208210441206, 0.3311976510542131, 0.22362463261911525, 0.11437695861523406, 0.55706408768272, 0.40190883955427525, 0.0, 0.03560563042012885, 0.0, 0.10943003289727188]
[0.020149950393624803, 0.01665812637221347, 0.14357363442696827, 0.10222141997523299, 0.048639515579527774, 0.013420873828132448, 0.0, 0.0749202024209335, 0.04140326717515369, 0.04660268934183685, 0.3509680394757392, 0.008587326044851159, 0.2552053294796144, 0.03607453197072406, 0.07019638027281709, 0.06750884009502656, 0.09464919978620054, 0.026831276233243218, 0.015415457649141026, 0.06919506503999191, 0.04856536260058539, 0.02699038964180424, 0.2553792273096219, 0.3086813093498008, 0.1751196814354904, 0.1380505395812352, 0.6326629055294872, 0.34053694424073594, 0.0, 0.012769783637706275, 0.0, 0.11238782271464089]
[0.0022504409514780143, 0.0, 0.0068721329011851885, 0.054078477829052354, 0.010864578381776471, 0.002248359187797647, 0.0, 0.07112323607668525, 0.00346808327647661, 0.9641904754713557, 0.004703730778092927, 0.008631655580168051, 0.009962048607542722, 0.05640562058614699, 0.0, 0.0, 0.0, 0.0, 0.00516501179929127, 0.0, 0.0, 0.0, 0.0019899034664374966, 0.03586991739558643, 0.0336515868549039, 0.20906986499726307, 0.0, 0.09437759670807601, 0.0, 0.0064178519377423105, 0.0, 0.06066799552494603]
[0.019357552378224032, 0.0, 0.0738897817433517, 0.12404407132424272, 0.09345352738734732, 0.0, 0.0, 0.3778632949289235, 0.0, 0.0, 0.060689916025255815, 0.0, 0.22850736884937517, 0.13862359529463586, 0.0, 0.0, 0.0, 0.0, 0.0, 0.022157988310317733, 0.1166388169627594, 0.0, 0.0, 0.2468329788725558, 0.1261748170451302, 0.7639009561729004, 0.0, 0.2786793367468545, 0.0, 0.0, 0.0, 0.0]
[0.3197568374220154, 0.19825916573374683, 0.7323269739815553, 0.0, 0.0, 0.0, 0.0, 0.0, 0.0, 0.0, 0.0, 0.0, 0.0, 0.0, 0.0, 0.0, 0.0, 0.0, 0.0, 0.0, 0.0, 0.1606150659938185, 0.0, 0.0, 0.4291026567495083, 0.0, 0.0, 0.3002185949417911, 0.0, 0.0, 0.0, 0.14862226314028407]
[0.0, 0.0, 0.83909181520596, 0.0, 0.0, 0.0, 0.0, 0.0, 0.0, 0.0, 0.0, 0.0, 0.0, 0.0, 0.0, 0.0, 0.0, 0.0, 0.0, 0.0, 0.0, 0.0, 0.0, 0.0, 0.4214236145725257, 0.0, 0.0, 0.3439870095439568, 0.0, 0.0, 0.0, 0.0]
